"""ALE curves extracted from workspace/configs/trial_067_xgb_reseed_h1.yaml.

Source: the h=1 tournament dashboard shipped with this deck
(tournament_dashboard.html, `ale_curves` payload, 21 symbols, 2623 obs/symbol).
Values are accumulated local effects in log-variance units, 50 grid points each.
Inlined so the deck rebuilds without the 14 MB dashboard present.
"""

ALE_H1 = {
    "log_atm_iv_0dte_d": {
        "grid": [2.29503, 2.578818, 2.687877, 2.778163, 2.860272, 2.93727, 2.999754, 3.054053, 3.101915, 3.14176, 3.177318, 3.212528, 3.24548, 3.26986, 3.291438, 3.312939, 3.331551, 3.352127, 3.376234, 3.397172, 3.419596, 3.444557, 3.464553, 3.480511, 3.496384, 3.514576, 3.53182, 3.548319, 3.568849, 3.591515, 3.611294, 3.631902, 3.65599, 3.684212, 3.713118, 3.743338, 3.771859, 3.798723, 3.827235, 3.851369, 3.876722, 3.900352, 3.920485, 3.948219, 3.983932, 4.022254, 4.06663, 4.151162, 4.355001, 4.924248],
        "ale": [-0.721334, -0.637754, -0.567297, -0.510353, -0.45049, -0.400563, -0.361285, -0.321451, -0.291461, -0.26428, -0.240579, -0.21469, -0.194023, -0.179964, -0.163293, -0.149302, -0.136583, -0.119207, -0.101621, -0.089348, -0.069644, -0.053753, -0.04113, -0.030856, -0.017947, -0.004636, 0.006514, 0.018892, 0.035792, 0.051051, 0.063833, 0.08044, 0.098523, 0.120991, 0.139818, 0.164722, 0.181245, 0.203519, 0.222338, 0.236748, 0.257272, 0.269901, 0.286283, 0.310115, 0.337309, 0.365179, 0.40059, 0.484759, 0.690306, 1.288899],
    },
    "days_to_fomc": {
        "grid": [0.5, 1.173469, 1.846939, 2.520408, 3.193878, 3.867347, 4.540816, 5.214286, 5.887755, 6.561224, 7.234694, 7.908163, 8.581633, 9.255102, 9.928571, 10.602041, 11.27551, 11.94898, 12.622449, 13.295918, 13.969388, 14.642857, 15.316327, 15.989796, 16.663265, 17.336735, 18.010204, 18.683673, 19.357143, 20.030612, 20.704082, 21.377551, 22.05102, 22.72449, 23.397959, 24.071429, 24.744898, 25.418367, 26.091837, 26.765306, 27.438776, 28.112245, 28.785714, 29.459184, 30.132653, 30.806122, 31.479592, 32.153061, 32.826531, 33.5],
        "ale": [0.227119, 0.023369, -0.044568, 0.013565, 0.015596, 0.016521, 0.016536, 0.016726, 0.016885, 0.017074, 0.017797, 0.01659, 0.01436, 0.013808, 0.011062, 0.007527, 0.006592, 0.006518, 0.002398, -0.021867, -0.023477, -0.017184, -0.018119, -0.017884, -0.017632, -0.0187, -0.020535, -0.022523, -0.024271, -0.024928, -0.025055, -0.024639, -0.023279, -0.022791, -0.024465, -0.021148, -0.018139, -0.01723, -0.016995, -0.017238, -0.018074, -0.017773, -0.016857, -0.015261, -0.010727, -0.007332, -0.005533, -0.005391, -0.005271, -0.005119],
    },
    "vix_x_log_rv_d_zscore": {
        "grid": [-3.094443, -2.351986, -2.05111, -1.901926, -1.756955, -1.639922, -1.558173, -1.452076, -1.339703, -1.238902, -1.1587, -1.078977, -0.978974, -0.884104, -0.797116, -0.711565, -0.627245, -0.55206, -0.487704, -0.419632, -0.343264, -0.263971, -0.195413, -0.128686, -0.049586, 0.030461, 0.111577, 0.198273, 0.283103, 0.35952, 0.424413, 0.481319, 0.550955, 0.622617, 0.682487, 0.744032, 0.812041, 0.88615, 0.953835, 1.021552, 1.093386, 1.17562, 1.260366, 1.330929, 1.408905, 1.491916, 1.579352, 1.699632, 1.900483, 2.582397],
        "ale": [0.092314, 0.08454, 0.064625, 0.037123, 0.028629, 0.028438, 0.024672, 0.021308, 0.019445, 0.019399, 0.004691, 0.004681, 0.004463, 0.004056, 0.003899, 0.003963, 0.003883, 0.0001, -0.000978, -0.001394, -0.001591, -0.001691, -0.001773, -0.001807, -0.002117, -0.002161, -0.002352, -0.00238, -0.007821, -0.00826, -0.008063, -0.008063, -0.008955, -0.014381, -0.014132, -0.017582, -0.01831, -0.024062, -0.024732, -0.024677, -0.024677, -0.024677, -0.024959, -0.026055, -0.026055, -0.026055, -0.025651, -0.025749, -0.024429, -0.02516],
    },
    "vvix_rp_d": {
        "grid": [-0.700128, -0.657467, -0.626988, -0.573579, -0.509905, -0.479993, -0.469951, -0.457761, -0.442047, -0.433239, -0.424086, -0.417838, -0.405722, -0.394379, -0.382945, -0.368784, -0.350096, -0.327734, -0.314415, -0.305945, -0.292207, -0.27575, -0.266499, -0.260304, -0.249289, -0.239539, -0.23201, -0.224851, -0.22364, -0.213813, -0.191363, -0.177036, -0.17087, -0.15572, -0.144016, -0.141292, -0.135892, -0.097663, -0.056268, -0.030536, 0.078925, 0.178048, 0.198737, 0.217848, 0.2276, 0.244873, 0.269663, 0.28833, 0.30252, 0.315653],
        "ale": [0.051542, 0.051542, 0.051492, 0.039337, 0.050117, 0.04997, 0.04997, 0.047286, 0.046845, 0.046354, 0.046, 0.044974, 0.031285, 0.031199, 0.029599, 0.02934, -0.019413, 0.002879, 0.002879, 0.002879, 0.002765, -0.003364, -0.003613, -0.004272, -0.009071, -0.009071, -0.009042, -0.009042, -0.009042, -0.012686, -0.015828, -0.015828, -0.015749, -0.014692, -0.014692, -0.014841, -0.009155, -0.011767, 0.000415, 0.007426, -0.050864, -0.051407, -0.04532, -0.044721, -0.044119, -0.046336, -0.047365, -0.047365, -0.047824, -0.04837],
    },
}
